Year,Value
1961,473600
1962,585000
1963,550000
1964,600000
1965,672000
1966,680000
1967,661500
1968,786300
1969,694485
1970,752595
1971,904348
1972,1043284
1973,1175871
1974,1569940
1975,1622230
1976,1480720
1977,1401626
1978,1878024
1979,1829811
1980,1784118
1981,1877736
1982,2023261
1983,1813534
1984,1714660
1985,1741600
1986,1520949
1987,1864500
1988,1775400
1989,2101800
1990,2116600
1991,1738600
1992,1734950
1993,1590062
1994,1657212
1995,1742547
1996,1661336
1997,1830286
1998,1897740
1999,2185232
2000,2237270
2001,2156310
2002,2063030
2003,2417190
2004,2496720
2005,2206512
2006,1965414
2007,2117165
2008,2412852
2009,2479921
2010,1988191
2011,2009945
2012,2317710.41
2013,1996580.11
2014,2206525.1
2015,2488519.15
2016,3059204.2
2017,3292983
2018,2944859.85
2019,3012310.94
2020,3424118.91
2021,3326528.95
